0   1475922416.5029101
0   1475922426.514483
0   1475922436.5257106
0   1475922446.5371108
0   1475922456.5483646
0   1475922466.5596714
0   1475922476.566872
0   1475922486.5782754
0   1475922496.5895169
0   1475922506.6007934
0   1475922516.6117892
0   1475922526.6230586
0   1475922536.6342967
0   1475922546.6455889
0   1475922556.656959
0   1475922566.6682925
0   1475922576.6795208
0   1475922586.6905549
0   1475922596.701777
0   1475922606.712993
0   1475922616.7242196
0   1475922626.735513
0   1475922636.7468953
0   1475922646.756855
0   1475922656.768088
0   1475922666.7793846
0   1475922676.790622
0   1475922686.8019485
0   1475922696.8131833
0   1475922706.8244154
0   1475922716.8267977
0   1475922726.838047
0   1475922736.8492947
0   1475922746.8605475
0   1475922756.8715227
0   1475922766.8827937
0   1475922776.8937778
0   1475922786.9049401
0   1475922796.9161708
0   1475922806.9275904
0   1475922816.9388385
0   1475922826.9501336
0   1475922836.961368
0   1475922846.9726534
0   1475922856.983882
0   1475922866.9950457
0   1475922877.0062652
0   1475922887.017562
0   1475922897.0287898
0   1475922907.0400732
0   1475922917.0512986
0   1475922927.0624282
0   1475922937.0668225
0   1475922947.0781088
0   1475922957.089354
0   1475922967.10059
0   1475922977.1118703
0   1475922987.1231315
0   1475922997.1344266
0   1475923007.1456654
0   1475923017.1570082
0   1475923027.1681848
0   1475923037.179403
0   1475923047.1905735
0   1475923057.1967967
0   1475923067.208312
0   1475923077.219517
0   1475923087.2267594
0   1475923097.237965
0   1475923107.2491298
0   1475923117.2603276
0   1475923127.2712767
0   1475923137.2768369
0   1475923147.288181
0   1475923157.2993844
0   1475923167.3105698
0   1475923177.3217714
0   1475923187.3329463
0   1475923197.344156
0   1475923207.355329
0   1475923217.3665366
0   1475923227.3777819
0   1475923237.3889532
0   1475923247.396726
0   1475923257.4079444
0   1475923267.4191015
0   1475923277.4302301
0   1475923287.441398
0   1475923297.4525492
0   1475923307.4634902
0   1475923317.4745948
0   1475923327.4857655
0   1475923337.4970677
0   1475923347.5082521
0   1475923357.5194764
0   1475923367.5306444
0   1475923377.5418139
0   1475923387.5529537
0   1475923397.5640466
0   1475923407.575229
0   1475923417.5864494
0   1475923427.5976944
0   1475923437.6087713
0   1475923447.6199465
0   1475923457.6311262
0   1475923467.6420646
0   1475923477.6531737
0   1475923487.6643212
0   1475923497.6751947
0   1475923507.6863654
0   1475923517.6976292
0   1475923527.7068026
0   1475923537.7178571
0   1475923547.729119
0   1475923557.7402837
0   1475923567.7515855
0   1475923577.7567816
0   1475923587.7680578
0   1475923597.779228
0   1475923607.790439
0   1475923617.8016028
0   1475923627.8128285
0   1475923637.816728
0   1475923647.8279314
0   1475923657.8391008
0   1475923667.8502975
0   1475923677.861235
0   1475923687.8721974
0   1475923697.8831432
0   1475923707.8867505
0   1475923717.8979416
0   1475923727.9091997
0   1475923737.9203856
0   1475923747.9316041
0   1475923757.9367528
0   1475923767.9479656
0   1475923777.9591446
0   1475923787.9703653
0   1475923797.9815428
0   1475923807.9927523
0   1475923818.0039313
0   1475923828.0151463
0   1475923838.026319
0   1475923848.037584
0   1475923858.0487428
0   1475923868.0598607
0   1475923878.0710382
0   1475923888.082253
0   1475923898.0934043
0   1475923908.1043525
0   1475923918.1155167
0   1475923928.126698
0   1475923938.137876
0   1475923948.146834
0   1475923958.1580164
0   1475923968.16918
0   1475923978.1803617
0   1475923988.186763
0   1475923998.1979225
0   1475924008.209046
0   1475924018.216823
0   1475924028.2281544
0   1475924038.2390983
0   1475924048.2500927
0   1475924058.2612555
0   1475924068.2723455
0   1475924078.2767296
0   1475924088.2877676
0   1475924098.298703
0   1475924108.3096595
0   1475924118.3209045
0   1475924128.3320878
0   1475924138.3433127
0   1475924148.3544886
0   1475924158.3657167
0   1475924168.3770347
0   1475924178.38825
0   1475924188.3994257
0   1475924198.410648
0   1475924208.4218297
0   1475924218.4330509
0   1475924228.444226
0   1475924238.455442
0   1475924248.4566731
0   1475924258.467882
0   1475924268.4790633
0   1475924278.4902186
0   1475924288.501367
0   1475924298.5125735
0   1475924308.523749
0   1475924318.5348923
0   1475924328.5460827
0   1475924338.5574203
0   1475924348.5685754
0   1475924358.576807
0   1475924368.588076
0   1475924378.599347
0   1475924388.6105168
0   1475924398.6168313
0   1475924408.6280327
0   1475924418.6392505
0   1475924428.6504316
0   1475924438.6616535
0   1475924448.6728122
0   1475924458.6838102
0   1475924468.6949801
0   1475924478.7060916
0   1475924488.7173586
0   1475924498.7284656
0   1475924508.7396533
0   1475924518.7508721
0   1475924528.7568424
0   1475924538.7681012
0   1475924548.7792575
0   1475924558.7902458
0   1475924568.8013883
0   1475924578.812272
0   1475924588.8234594
0   1475924598.826733
0   1475924608.8378959
0   1475924618.8489525
0   1475924628.86017
0   1475924638.8713474
0   1475924648.8825674
0   1475924658.893748
0   1475924668.904962
0   1475924678.9161358
0   1475924688.9274745
0   1475924698.938654
0   1475924708.949871
0   1475924718.961061
0   1475924728.97228
0   1475924738.9834623
0   1475924748.9946837
0   1475924759.0058625
0   1475924769.0171971
0   1475924779.0283601
0   1475924789.039495
0   1475924799.0506728
0   1475924809.061915
0   1475924819.073092
0   1475924829.0768185
0   1475924839.088022
0   1475924849.09922
0   1475924859.1104004
0   1475924869.121631
0   1475924879.1327891
0   1475924889.1439407
0   1475924899.1551237
0   1475924909.1663487
0   1475924919.1776214
0   1475924929.1888573
0   1475924939.2000434
0   1475924949.2112725
0   1475924959.222444
0   1475924969.2335541
0   1475924979.2447402
0   1475924989.2559671
0   1475924999.2672794
0   1475925009.2785127
0   1475925019.289685
0   1475925029.3008258
0   1475925039.3120089
0   1475925049.3232243
0   1475925059.334395
0   1475925069.3455215
0   1475925079.356858
0   1475925089.3680782
0   1475925099.3792472
0   1475925109.3903365
0   1475925119.4015167
0   1475925129.4126933
0   1475925139.423923
0   1475925149.435105
0   1475925159.4463212
0   1475925169.4575891
0   1475925179.4688108
0   1475925189.479971
0   1475925199.4911833
0   1475925209.5023603
0   1475925219.5135841
0   1475925229.5247803
0   1475925239.5359979
0   1475925249.547282
0   1475925259.5584369
0   1475925269.569606
0   1475925279.5808344
0   1475925289.5920067
0   1475925299.6032577
0   1475925309.614411
0   1475925319.6254344
0   1475925329.6365767
0   1475925339.647769
0   1475925349.6589494
0   1475925359.6701787
0   1475925369.6813533
0   1475925379.6925318
0   1475925389.703708
0   1475925399.7149334
0   1475925409.726119
0   1475925419.7374444
0   1475925429.7486227
0   1475925439.7598414
0   1475925449.771018
0   1475925459.7767742
0   1475925469.7880046
0   1475925479.7992299
0   1475925489.8104136
0   1475925499.8216157
0   1475925509.8327892
0   1475925519.844009
0   1475925529.8551939
0   1475925539.8664033
0   1475925549.8776407
0   1475925559.8867495
0   1475925569.897928
0   1475925579.9091587
0   1475925589.9167964
0   1475925599.927991
0   1475925609.9391735
0   1475925619.9504037
0   1475925629.9615843
0   1475925639.9727938
0   1475925649.9839842
0   1475925659.995204
0   1475925670.0063813
0   1475925680.0176885
0   1475925690.0288696
0   1475925700.0400844
0   1475925710.0512462
0   1475925720.062392
0   1475925730.0735602
0   1475925740.084724
0   1475925750.086801
0   1475925760.0980551
0   1475925770.1092248
0   1475925780.120324
0   1475925790.131503
0   1475925800.1426885
0   1475925810.1538758
0   1475925820.165054
0   1475925830.1762393
0   1475925840.187494
0   1475925850.1983936
0   1475925860.2094095
0   1475925870.2202578
0   1475925880.2310543
0   1475925890.2418427
0   1475925900.252669
0   1475925910.2637522
0   1475925920.274692
0   1475925930.2855635
0   1475925940.2969124
0   1475925950.308088
0   1475925960.3192952
0   1475925970.3304672
0   1475925980.3417008
0   1475925990.352859
0   1475926000.364083
0   1475926010.3752499
0   1475926020.3864603
0   1475926030.399186
0   1475926040.4104025
0   1475926050.4216197
0   1475926060.432841
0   1475926070.444011
0   1475926080.4552262
0   1475926090.4663882
0   1475926100.477689
0   1475926110.4888642
0   1475926120.4999967
0   1475926130.510941
0   1475926140.5220919
0   1475926150.5332658
0   1475926160.5444891
0   1475926170.5556622
0   1475926180.5670052
0   1475926190.5781755
0   1475926200.5893924
0   1475926210.6005752
0   1475926220.6117904
0   1475926230.6229615
0   1475926240.6341844
0   1475926250.6453588
0   1475926260.656564
0   1475926270.667811
0   1475926280.6790233
0   1475926290.690194
0   1475926300.7014098
0   1475926310.7067995
0   1475926320.7180402
0   1475926330.7292085
0   1475926340.7404246
0   1475926350.7515767
0   1475926360.762675
0   1475926370.7738883
0   1475926380.7850986
0   1475926390.7962573
0   1475926400.8074596
0   1475926410.818606
0   1475926420.8296893
0   1475926430.8408406
0   1475926440.8518872
0   1475926450.8630595
0   1475926460.8742359
0   1475926470.8854408
0   1475926480.896614
0   1475926490.9078991
0   1475926500.9167328
0   1475926510.9279406
0   1475926520.9391165
0   1475926530.9503205
0   1475926540.9615
0   1475926550.9727247
0   1475926560.9838924
0   1475926570.9951053
0   1475926581.0062819
0   1475926591.0175734
0   1475926601.0285401
0   1475926611.0397582
0   1475926621.0509338
0   1475926631.0621433
0   1475926641.0733156
0   1475926651.0845213
0   1475926661.0868304
0   1475926671.09822
0   1475926681.1093888
0   1475926691.1168094
0   1475926701.127981
0   1475926711.1392
0   1475926721.1503718
0   1475926731.1615872
0   1475926741.172782
0   1475926751.1839921
0   1475926761.1951718
0   1475926771.2063859
0   1475926781.2176454
0   1475926791.228864
0   1475926801.2400165
0   1475926811.2511437
0   1475926821.26232
0   1475926831.2735255
0   1475926841.2846913
0   1475926851.295903
0   1475926861.3072052
0   1475926871.31843
0   1475926881.3295867
0   1475926891.3367343
0   1475926901.3478804
0   1475926911.359
0   1475926921.3701746
0   1475926931.3813927
0   1475926941.3925662
0   1475926951.403789
0   1475926961.4109025
0   1475926971.4220173
0   1475926981.4331636
0   1475926991.4442472
0   1475927001.4553983
0   1475927011.4664888
0   1475927021.4777277
0   1475927031.4887862
0   1475927041.4999478
0   1475927051.5111084
0   1475927061.5223203
0   1475927071.5334892
0   1475927081.536705
0   1475927091.547656
0   1475927101.5588686
0   1475927111.5700433
0   1475927121.581227
0   1475927131.5867372
0   1475927141.597922
0   1475927151.6090977
0   1475927161.6202965
0   1475927171.6314719
0   1475927181.6426544
0   1475927191.6538284
0   1475927201.665005
0   1475927211.6759577
0   1475927221.687263
0   1475927231.6984222
0   1475927241.7096128
0   1475927251.7207778
0   1475927261.7319791
0   1475927271.7431476
0   1475927281.7543507
0   1475927291.7655313
0   1475927301.7768319
0   1475927311.7877903
0   1475927321.7989852
0   1475927331.810153
0   1475927341.8212929
0   1475927351.8324497
0   1475927361.8436344
0   1475927371.8548055
0   1475927381.8660092
0   1475927391.8772757
0   1475927401.8884094
0   1475927411.8995624
0   1475927421.9106913
0   1475927431.9218597
0   1475927441.9330058
0   1475927451.9441795
0   1475927461.9467576
0   1475927471.9579077
0   1475927481.9690235
0   1475927491.9801962
0   1475927501.9913363
0   1475927512.0025122
0   1475927522.0136304
0   1475927532.0247872
0   1475927542.0359309
0   1475927552.0471709
0   1475927562.0580926
0   1475927572.0692613
0   1475927582.0803797
0   1475927592.0915275
0   1475927602.102598
0   1475927612.113758
0   1475927622.1248255
0   1475927632.1360393
0   1475927642.1473064
0   1475927652.1585217
0   1475927662.1696913
0   1475927672.1809077
0   1475927682.1920745
0   1475927692.2033002
0   1475927702.2144477
0   1475927712.2256453
0   1475927722.2369194
0   1475927732.2481337
0   1475927742.25929
0   1475927752.2705173
0   1475927762.2816672
0   1475927772.292884
0   1475927782.3040278
0   1475927792.3152478
0   1475927802.3264217
0   1475927812.337717
0   1475927822.3488715
0   1475927832.360083
0   1475927842.3712265
0   1475927852.3824363
0   1475927862.3935912
0   1475927872.3968322
0   1475927882.4080126
0   1475927892.4109154
0   1475927902.422071
0   1475927912.4332838
0   1475927922.4444366
0   1475927932.455659
0   1475927942.4669478
0   1475927952.4781563
0   1475927962.4893038
0   1475927972.5005043
0   1475927982.5114172
0   1475927992.5225308
0   1475928002.5336874
0   1475928012.5449028
0   1475928022.5560358
0   1475928032.5672686
0   1475928042.5784044
0   1475928052.5895102
0   1475928062.600663
0   1475928072.611745
0   1475928082.622866
0   1475928092.633741
0   1475928102.6448824
0   1475928112.655975
0   1475928122.6672435
0   1475928132.678301
0   1475928142.689459
0   1475928152.700634
0   1475928162.7118392
0   1475928172.7230163
0   1475928182.7268214
0   1475928192.7379766
0   1475928202.7491827
0   1475928212.760341
0   1475928222.7714832
0   1475928232.7826612
0   1475928242.7938502
0   1475928252.8050156
0   1475928262.8162048
0   1475928272.8274825
0   1475928282.8386936
0   1475928292.8498538
0   1475928302.860836
0   1475928312.871998
0   1475928322.8831515
0   1475928332.8867452
0   1475928342.8979557
0   1475928352.9091341
0   1475928362.920326
0   1475928372.9314883
0   1475928382.9426866
0   1475928392.953867
0   1475928402.9650567
0   1475928412.9762263
0   1475928422.986775
0   1475928432.9979186
0   1475928443.0088868
0   1475928453.020049
0   1475928463.0312471
0   1475928473.0368092
0   1475928483.0481193
0   1475928493.059058
0   1475928503.0702047
0   1475928513.081365
0   1475928523.0925012
0   1475928533.0967085
0   1475928543.1076896
0   1475928553.1188962
0   1475928563.130085
0   1475928573.141244
0   1475928583.152361
0   1475928593.1635017
0   1475928603.1744854
0   1475928613.1856356
0   1475928623.196862
0   1475928633.208023
0   1475928643.2191465
0   1475928653.2303047
0   1475928663.2413902
0   1475928673.2525394
0   1475928683.2636304
0   1475928693.2747915
0   1475928703.285852
0   1475928713.2971458
0   1475928723.3083174
0   1475928733.3195448
0   1475928743.3307266
0   1475928753.3419435
0   1475928763.3531113
0   1475928773.3643553
0   1475928783.375523
0   1475928793.3868673
0   1475928803.3980541
0   1475928813.4092717
0   1475928823.410915
0   1475928833.4221187
0   1475928843.4333107
0   1475928853.4445405
0   1475928863.4556806
0   1475928873.4669495
0   1475928883.478106
0   1475928893.4890864
0   1475928903.500261
0   1475928913.5114639
0   1475928923.5226111
0   1475928933.5338247
0   1475928943.5449798
0   1475928953.5561886
0   1475928963.567444
0   1475928973.5786421
0   1475928983.58979
0   1475928993.6010034
0   1475929003.6067762
0   1475929013.616788
0   1475929023.6279535
0   1475929033.6389587
0   1475929043.6501067
0   1475929053.6612077
0   1475929063.6723547
0   1475929073.6832697
0   1475929083.6944265
0   1475929093.7056315
0   1475929103.7169414
0   1475929113.7281525
0   1475929123.739297
0   1475929133.7503812
0   1475929143.7615483
0   1475929153.7727163
0   1475929163.783927
0   1475929173.7951024
0   1475929183.806301
0   1475929193.8175614
0   1475929203.8287752
0   1475929213.8399346
0   1475929223.851093
0   1475929233.862268
0   1475929243.873491
0   1475929253.8846586
0   1475929263.895858
0   1475929273.9071472
0   1475929283.918347
0   1475929293.9295316
0   1475929303.9407535
0   1475929313.9519277
0   1475929323.9631226
0   1475929333.9742882
0   1475929343.9855
0   1475929353.9967213
0   1475929364.0078776
0   1475929374.016828
0   1475929384.0280302
0   1475929394.0391924
0   1475929404.0503829
0   1475929414.0615308
0   1475929424.0727496
0   1475929434.0839324
0   1475929444.0951586
0   1475929454.1063292
0   1475929464.1176255
0   1475929474.1287956
0   1475929484.140003
0   1475929494.1511545
0   1475929504.1567605
0   1475929514.167935
0   1475929524.179152
0   1475929534.19032
0   1475929544.2014995
0   1475929554.2127404
0   1475929564.2239087
0   1475929574.2351143
0   1475929584.246297
0   1475929594.257605
0   1475929604.2687898
0   1475929614.2800174
0   1475929624.2911701
0   1475929634.30227
0   1475929644.3146796
0   1475929654.3257902
0   1475929664.337041
0   1475929674.348184
0   1475929684.3593318
0   1475929694.3704417
0   1475929704.3816116
0   1475929714.3926861
0   1475929724.3967228
0   1475929734.4077675
0   1475929744.4109073
0   1475929754.4220686
0   1475929764.4332688
0   1475929774.444441
0   1475929784.455657
0   1475929794.4669771
0   1475929804.4781902
0   1475929814.4893417
0   1475929824.5005429
0   1475929834.511716
0   1475929844.5229144
0   1475929854.5340865
0   1475929864.545293
0   1475929874.5564537
0   1475929884.5677295
0   1475929894.578889
0   1475929904.5900168
0   1475929914.601245
0   1475929924.61268
0   1475929934.6238449
0   1475929944.6350443
0   1475929954.6462274
0   1475929964.6575527
0   1475929974.6687267
0   1475929984.6799448
0   1475929994.6911068
0   1475930004.7022557
0   1475930014.7134132
0   1475930024.7246234
0   1475930034.7358003
0   1475930044.7471216
0   1475930054.758276
0   1475930064.7694845
0   1475930074.7806609
0   1475930084.7918854
0   1475930094.8028283
0   1475930104.813994
0   1475930114.8251407
0   1475930124.8362648
0   1475930134.8466902
0   1475930144.857538
0   1475930154.8683546
0   1475930164.8794007
0   1475930174.8868086
0   1475930184.8980312
0   1475930194.9092488
0   1475930204.920426
0   1475930214.9316432
0   1475930224.942814
0   1475930234.9540339
0   1475930244.9652154
0   1475930254.9764166
0   1475930264.987657
0   1475930274.9988987
0   1475930285.0067806
0   1475930295.018058
0   1475930305.02921
0   1475930315.0403285
0   1475930325.0515013
0   1475930335.0627334
0   1475930345.0739076
0   1475930355.0851257
0   1475930365.096312
0   1475930375.1076057
0   1475930385.1187725
0   1475930395.1299963
0   1475930405.141178
0   1475930415.1523912
0   1475930425.1635623
0   1475930435.1747754
0   1475930445.1859634
0   1475930455.1972916
0   1475930465.208452
0   1475930475.2195952
0   1475930485.2307608
0   1475930495.2419517
0   1475930505.253111
0   1475930515.256812
0   1475930525.2682195
0   1475930535.2793765
0   1475930545.290572
0   1475930555.301799
0   1475930565.3129616
0   1475930575.3241162
0   1475930585.3352692
0   1475930595.346401
0   1475930605.3576577
0   1475930615.3687608
0   1475930625.3799214
0   1475930635.3910294
0   1475930645.40219
0   1475930655.4132638
0   1475930665.424418
0   1475930675.4355118
0   1475930685.446694
0   1475930695.457797
0   1475930705.4689693
0   1475930715.4800494
0   1475930725.4912562
0   1475930735.5024457
0   1475930745.5136533
0   1475930755.5248404
0   1475930765.536058
0   1475930775.547332
0   1475930785.558535
0   1475930795.5697043
0   1475930805.5809205
0   1475930815.5920985
0   1475930825.6030786
0   1475930835.6140392
0   1475930845.6252623
0   1475930855.636441
0   1475930865.647728
0   1475930875.6589036
0   1475930885.6617613
0   1475930895.6729372
0   1475930905.6841695
0   1475930915.6953347
0   1475930925.7064419
0   1475930935.7177172
0   1475930945.728936
0   1475930955.7401109
0   1475930965.7513351
0   1475930975.7624915
0   1475930985.7736151
0   1475930995.7847962
0   1475931005.79593
0   1475931015.807221
0   1475931025.8183753
0   1475931035.8295636
0   1475931045.8407707
0   1475931055.8468516
0   1475931065.8567445
0   1475931075.8667314
0   1475931085.8778477
0   1475931095.8890162
0   1475931105.9001331
0   1475931115.9113064
0   1475931125.9224837
0   1475931135.9267309
0   1475931145.9378316
0   1475931155.9490054
0   1475931165.960119
0   1475931175.9713004
0   1475931185.9823976
0   1475931195.9935753
0   1475931206.0046816
0   1475931216.015861
0   1475931226.0271494
0   1475931236.0383754
0   1475931246.049562
0   1475931256.0607812
0   1475931266.0719526
0   1475931276.0831726
0   1475931286.0943556
0   1475931296.1055925
0   1475931306.116871
0   1475931316.1281028
0   1475931326.139295
0   1475931336.1505303
0   1475931346.1617231
0   1475931356.166755
0   1475931366.1779351
0   1475931376.1891582
0   1475931386.2003515
0   1475931396.2115774
0   1475931406.2227626
0   1475931416.2339892
0   1475931426.2451606
0   1475931436.2467396
0   1475931446.2579114
0   1475931456.269135
0   1475931466.280319
0   1475931476.2915502
0   1475931486.3027291
0   1475931496.313953
0   1475931506.3251345
0   1475931516.3363724
0   1475931526.3476489
0   1475931536.3588686
0   1475931546.3700354
0   1475931556.3812594
0   1475931566.3924286
0   1475931576.4035468
0   1475931586.4147165
0   1475931596.4258614
0   1475931606.4371471
0   1475931616.4482577
0   1475931626.4568205
0   1475931636.468135
0   1475931646.479324
0   1475931656.4905522
0   1475931666.5017285
0   1475931676.5128665
0   1475931686.5240154
0   1475931696.5351338
0   1475931706.5463154
0   1475931716.557574
0   1475931726.5687287
0   1475931736.5798337
0   1475931746.5910015
0   1475931756.601992
0   1475931766.613147
0   1475931776.6242263
0   1475931786.6353927
0   1475931796.6463614
0   1475931806.6576874
0   1475931816.6688733
0   1475931826.6801007
0   1475931836.691267
0   1475931846.7022698
0   1475931856.7134466
0   1475931866.7246704
0   1475931876.7358491
0   1475931886.747205
0   1475931896.7584279
0   1475931906.7696724
0   1475931916.7808542
0   1475931926.7920723
0   1475931936.8032444
0   1475931946.8143892
0   1475931956.8255835
0   1475931966.8369534
0   1475931976.8481522
0   1475931986.8567488
0   1475931996.8679261
0   1475932006.8791556
0   1475932016.8903387
0   1475932026.9015596
0   1475932036.9127493
0   1475932046.9239736
0   1475932056.9351497
0   1475932066.9463928
0   1475932076.9576416
0   1475932086.9687543
0   1475932096.9799323
0   1475932106.9910789
0   1475932117.002257
0   1475932127.0134888
0   1475932137.0246842
0   1475932147.0268028
0   1475932157.0381718
0   1475932167.0494134
0   1475932177.0605876
0   1475932187.0716946
0   1475932197.082881
0   1475932207.0939934
0   1475932217.10517
0   1475932227.1163106
0   1475932237.1275635
0   1475932247.138669
0   1475932257.1498432
0   1475932267.160946
0   1475932277.172133
0   1475932287.1832614
0   1475932297.1944392
0   1475932307.2055326
0   1475932317.2168891
0   1475932327.22807
0   1475932337.236731
0   1475932347.247906
0   1475932357.2591271
0   1475932367.270304
0   1475932377.281535
0   1475932387.2926896
0   1475932397.3039203
0   1475932407.315105
0   1475932417.326335
0   1475932427.3376148
0   1475932437.3488493
0   1475932447.3600981
0   1475932457.3713207
0   1475932467.3825226
0   1475932477.3937743
0   1475932487.404959
0   1475932497.4161596
0   1475932507.427196
0   1475932517.4384105
0   1475932527.4495842
0   1475932537.4608016
0   1475932547.471997
0   1475932557.483202
0   1475932567.494155
0   1475932577.5053754
0   1475932587.5165448
0   1475932597.5278401
0   1475932607.5390239
0   1475932617.550249
0   1475932627.5614293
0   1475932637.5726547
0   1475932647.5838268
0   1475932657.594947
0   1475932667.60612
0   1475932677.6173959
0   1475932687.6285799
0   1475932697.6398141
0   1475932707.6509776
0   1475932717.6620934
0   1475932727.6732583
0   1475932737.6844137
0   1475932747.6955743
0   1475932757.7067044
0   1475932767.7167327
0   1475932777.727938
0   1475932787.7388756
0   1475932797.749848
0   1475932807.7607942
0   1475932817.771898
0   1475932827.7830796
0   1475932837.794302
0   1475932847.796775
0   1475932857.8079782
0   1475932867.8189356
0   1475932877.8300202
0   1475932887.8412151
0   1475932897.8522775
0   1475932907.8567479
0   1475932917.8667662
0   1475932927.8779824
0   1475932937.889143
0   1475932947.900323
0   1475932957.9114919
0   1475932967.9227026
0   1475932977.9338772
0   1475932987.9450872
0   1475932997.956263
0   1475933007.9675648
0   1475933017.9787483
0   1475933027.9899712
0   1475933038.0011616
0   1475933048.0123873
0   1475933058.023566
0   1475933068.0267987
0   1475933078.038143
0   1475933088.0493734
0   1475933098.0605576
0   1475933108.0717852
0   1475933118.0829635
0   1475933128.0941887
0   1475933138.1053677
0   1475933148.1165936
0   1475933158.127843
0   1475933168.1389894
0   1475933178.1501868
0   1475933188.1614127
0   1475933198.172588
0   1475933208.1838012
0   1475933218.19476
0   1475933228.2059808
0   1475933238.217267
0   1475933248.228491
0   1475933258.2409346
0   1475933268.251823
0   1475933278.263008
0   1475933288.274215
0   1475933298.2851837
0   1475933308.2964072
0   1475933318.307678
0   1475933328.3189185
0   1475933338.3267992
0   1475933348.3380373
0   1475933358.3492196
0   1475933368.36043
0   1475933378.3713982
0   1475933388.382626
0   1475933398.3938005
0   1475933408.404927
0   1475933418.416104
0   1475933428.4273274
0   1475933438.438513
0   1475933448.44966
0   1475933458.4608333
0   1475933468.4719343
0   1475933478.4831173
0   1475933488.4941869
0   1475933498.505398
0   1475933508.516585
0   1475933518.5278716
0   1475933528.5390465
0   1475933538.5502663
0   1475933548.5614474
0   1475933558.5726743
0   1475933568.5838637
0   1475933578.5950835
0   1475933588.6062627
0   1475933598.6175745
0   1475933608.6287625
0   1475933618.6399803
0   1475933628.651164
0   1475933638.662384
0   1475933648.6735737
0   1475933658.6847944
0   1475933668.6959717
0   1475933678.7072997
0   1475933688.7184815
0   1475933698.7297013
0   1475933708.7408767
0   1475933718.7520976
0   1475933728.7632782
0   1475933738.7744985
0   1475933748.7856753
0   1475933758.796996
0   1475933768.8081899
0   1475933778.8194132
0   1475933788.8305843
0   1475933798.8417306
0   1475933808.852907
0   1475933818.8567529
0   1475933828.866728
0   1475933838.877859
0   1475933848.889045
0   1475933858.9002619
0   1475933868.911435
0   1475933878.922582
0   1475933888.9337473
0   1475933898.94486
0   1475933908.9560444
0   1475933918.9673672
0   1475933928.9785469
0   1475933938.989719
0   1475933949.0008988
0   1475933959.0121286
0   1475933969.0233018
0   1475933979.0344346
0   1475933989.0455961
0   1475933999.0568807
0   1475934009.068058
0   1475934019.0791814
0   1475934029.0903661
0   1475934039.1014538
0   1475934049.1126375
0   1475934059.1237168
0   1475934069.134906
0   1475934079.1459928
0   1475934089.157319
0   1475934099.1684952
0   1475934109.17972
0   1475934119.1909027
0   1475934129.2021267
0   1475934139.2133255
0   1475934149.2245529
0   1475934159.2357235
0   1475934169.2470663
0   1475934179.2582412
0   1475934189.26947
0   1475934199.2806506
0   1475934209.2918742
0   1475934219.3030488
0   1475934229.3142958
0   1475934239.325474
0   1475934249.3366926
0   1475934259.3478796
0   1475934269.3590937
0   1475934279.3703396
0   1475934289.3815281
0   1475934299.3927617
0   1475934309.4039288
0   1475934319.4151504
0   1475934329.4263213
0   1475934339.4376285
0   1475934349.4488091
0   1475934359.4600425
0   1475934369.4712033
0   1475934379.4823482
0   1475934389.4935062
0   1475934399.5046299
0   1475934409.5158126
0   1475934419.527154
0   1475934429.538318
0   1475934439.549445
0   1475934449.5606155
0   1475934459.5718331
0   1475934469.582997
0   1475934479.594145
0   1475934489.6053004
0   1475934499.616438
0   1475934509.6276896
0   1475934519.638912
0   1475934529.6500885
0   1475934539.6612504
0   1475934549.6724145
0   1475934559.6835628
0   1475934569.6947513
0   1475934579.7059715
0   1475934589.7172692
0   1475934599.7284071
0   1475934609.7367861
0   1475934619.7479901
0   1475934629.7589488
0   1475934639.770125
0   1475934649.7813363
0   1475934659.7925189
0   1475934669.8037496
0   1475934679.814911
0   1475934689.8261359
0   1475934699.8374271
0   1475934709.8486533
0   1475934719.856749
0   1475934729.867969
0   1475934739.8791525
0   1475934749.8867645
0   1475934759.897709
0   1475934769.9089255
0   1475934779.9201014
0   1475934789.9312594
0   1475934799.9424388
0   1475934809.9536192
0   1475934819.9647994
0   1475934829.9760191
0   1475934839.9872978
0   1475934849.9985185
0   1475934860.0096986
0   1475934870.0209267
0   1475934880.032095
0   1475934890.0433116
0   1475934900.054487
0   1475934910.0657034
0   1475934920.0770113
0   1475934930.0882342
0   1475934940.0994174
0   1475934950.110641
0   1475934960.121799
0   1475934970.1327906
0   1475934980.1439695
0   1475934990.1551213
0   1475935000.1662905
0   1475935010.1774948
0   1475935020.1886852
0   1475935030.1998167
0   1475935040.2109833
0   1475935050.222111
0   1475935060.233293
0   1475935070.2445214
0   1475935080.2557023
0   1475935090.2669566
0   1475935100.2781363
0   1475935110.2892587
0   1475935120.3004367
0   1475935130.3115354
0   1475935140.3227332
0   1475935150.3338068
0   1475935160.3449664
0   1475935170.3561456
0   1475935180.367462
0   1475935190.378645
0   1475935200.389854
0   1475935210.401017
0   1475935220.4122431
0   1475935230.4234
0   1475935240.4343877
0   1475935250.4455464
0   1475935260.45689
0   1475935270.4680557
0   1475935280.47927
0   1475935290.4904401
0   1475935300.5016024
0   1475935310.5127828
0   1475935320.5239956
0   1475935330.5351758
0   1475935340.5463893
0   1475935350.5576723
0   1475935360.5688872
0   1475935370.5800757
0   1475935380.591297
0   1475935390.6024787
0   1475935400.6137083
0   1475935410.6248925
0   1475935420.636126
0   1475935430.6474047
0   1475935440.6586177
0   1475935450.6697793
0   1475935460.6809034
0   1475935470.6920807
0   1475935480.703288
0   1475935490.714453
0   1475935500.7167726
0   1475935510.7279437
0   1475935520.7391727
0   1475935530.7503586
0   1475935540.761567
0   1475935550.7727287
0   1475935560.7838748
0   1475935570.7950287
0   1475935580.8061435
0   1475935590.8174083
0   1475935600.8284986
0   1475935610.8396618
0   1475935620.8508065
0   1475935630.8567472
0   1475935640.8667386
0   1475935650.87792
0   1475935660.8890088
0   1475935670.9001644
0   1475935680.911224
0   1475935690.9224055
0   1475935700.9335835
0   1475935710.9448032
0   1475935720.9559884
0   1475935730.9673002
0   1475935740.9784694
0   1475935750.989681
0   1475935761.0008562
0   1475935771.012066
0   1475935781.023231
0   1475935791.0344503
0   1475935801.0456402
0   1475935811.0569823
0   1475935821.0681684
0   1475935831.0793805
0   1475935841.090549
0   1475935851.101765
0   1475935861.1129434
0   1475935871.124169
0   1475935881.135341
0   1475935891.146542
0   1475935901.1577857
0   1475935911.169022
0   1475935921.180202
0   1475935931.19142
0   1475935941.2025864
0   1475935951.2067428
0   1475935961.2179077
0   1475935971.229124
0   1475935981.240287
0   1475935991.2514455
0   1475936001.2626085
0   1475936011.273775
0   1475936021.284964
0   1475936031.2961936
0   1475936041.3074615
0   1475936051.3185802
0   1475936061.3297627
0   1475936071.3409998
0   1475936081.3521688
0   1475936091.3633
0   1475936101.3744707
0   1475936111.3856099
0   1475936121.3969173
0   1475936131.4080143
0   1475936141.41919
0   1475936151.4302921
0   1475936161.4414935
0   1475936171.452604
0   1475936181.4637902
0   1475936191.4748564
0   1475936201.4860673
0   1475936211.497355
0   1475936221.5085807
0   1475936231.5197635
0   1475936241.530993
0   1475936251.536822
0   1475936261.5467472
0   1475936271.5579388
0   1475936281.5691757
0   1475936291.5803435
0   1475936301.5915544
0   1475936311.6027098
0   1475936321.6138706
0   1475936331.6250613
0   1475936341.6362693
0   1475936351.647531
0   1475936361.6587567
0   1475936371.6699405
0   1475936381.6811204
0   1475936391.6920621
0   1475936401.7032914
0   1475936411.7144575
0   1475936421.725614
0   1475936431.7368965
0   1475936441.7481232
0   1475936451.7592967
0   1475936461.770451
0   1475936471.7813861
0   1475936481.7925315
0   1475936491.8037174
0   1475936501.8149302
0   1475936511.8260965
0   1475936521.8374262
0   1475936531.8485885
0   1475936541.8567476
0   1475936551.867914
0   1475936561.879036
0   1475936571.890192
0   1475936581.9013438
0   1475936591.9125102
0   1475936601.9235952
0   1475936611.9347527
0   1475936621.9367769
0   1475936631.9480994
0   1475936641.9592764
0   1475936651.9704928
0   1475936661.9816697
0   1475936671.992902
0   1475936682.0040846
0   1475936692.0152893
0   1475936702.0264637
0   1475936712.0377476
0   1475936722.0489333
0   1475936732.060146
0   1475936742.0713096
0   1475936752.082524
0   1475936762.0937307
0   1475936772.104948
0   1475936782.1161027
0   1475936792.1273959
0   1475936802.1385834
0   1475936812.149797
0   1475936822.1609535
0   1475936832.1721737
0   1475936842.1833498
0   1475936852.194556
0   1475936862.2057033
0   1475936872.2183037
0   1475936882.229475
0   1475936892.2406433
0   1475936902.2518384
0   1475936912.2630646
0   1475936922.274273
0   1475936932.2855043
0   1475936942.2967236
0   1475936952.3079505
0   1475936962.319133
0   1475936972.3303523
0   1475936982.3415453
0   1475936992.352766
0   1475937002.3639486
0   1475937012.3751004
0   1475937022.3862662
0   1475937032.3974848
0   1475937042.408664
0   1475937052.4198184
0   1475937062.4309835
0   1475937072.442092
0   1475937082.4532633
0   1475937092.4644263
0   1475937102.4755988
0   1475937112.4869401
0   1475937122.4981308
0   1475937132.50928
0   1475937142.5204406
0   1475937152.5315773
0   1475937162.536814
0   1475937172.5480747
0   1475937182.5592446
0   1475937192.5703163
0   1475937202.581495
0   1475937212.5926766
0   1475937222.603901
0   1475937232.615068
0   1475937242.6262844
0   1475937252.637322
0   1475937262.648529
0   1475937272.659702
0   1475937282.6709294
0   1475937292.6820881
0   1475937302.6933155
0   1475937312.7044783
0   1475937322.7157052
0   1475937332.7269807
0   1475937342.7381766
0   1475937352.7493532
0   1475937362.7605903
0   1475937372.7717583
0   1475937382.782971
0   1475937392.794156
0   1475937402.8053694
0   1475937412.8165448
0   1475937422.8278403
0   1475937432.839011
0   1475937442.8502438
0   1475937452.856746
0   1475937462.867914
0   1475937472.8790722
0   1475937482.8867977
0   1475937492.8980453
0   1475937502.9092655
0   1475937512.9204423
0   1475937522.9315627
0   1475937532.9427254
0   1475937542.9538999
0   1475937552.9650812
0   1475937562.9763105
0   1475937572.9875789
0   1475937582.9987936
0   1475937593.0099728
0   1475937603.0212057
0   1475937613.0323956
0   1475937623.0436187
0   1475937633.0548124
0   1475937643.0660377
0   1475937653.077301
0   1475937663.088473
0   1475937673.099641
0   1475937683.1107533
0   1475937693.121921
0   1475937703.1330142
0   1475937713.1441815
0   1475937723.1552718
0   1475937733.1664245
0   1475937743.1775737
0   1475937753.1887777
0   1475937763.1968038
0   1475937773.2082074
0   1475937783.2193787
0   1475937793.2305942
0   1475937803.24178
0   1475937813.2530048
0   1475937823.264175
0   1475937833.2753992
0   1475937843.286599
0   1475937853.2978723
0   1475937863.3090487
0   1475937873.32028
0   1475937883.3314652
0   1475937893.342682
0   1475937903.3536496
0   1475937913.3648818
0   1475937923.376062
0   1475937933.3873758
0   1475937943.3985484
0   1475937953.4097738
0   1475937963.4209566
0   1475937973.4321668
0   1475937983.4433281
0   1475937993.4545496
0   1475938003.4657357
0   1475938013.4770517
0   1475938023.4882135
0   1475938033.4992
0   1475938043.5103765
0   1475938053.5216122
0   1475938063.5327816
0   1475938073.5368123
0   1475938083.5481007
0   1475938093.5593302
0   1475938103.5704927
0   1475938113.581718
0   1475938123.592892
0   1475938133.604105
0   1475938143.615249
0   1475938153.6261396
0   1475938163.637482
0   1475938173.648874
0   1475938183.6600163
0   1475938193.6711357
0   1475938203.682327
0   1475938213.6934445
0   1475938223.7045987
0   1475938233.7157393
0   1475938243.727028
0   1475938253.7382374
0   1475938263.7491922
0   1475938273.7603025
0   1475938283.7714663
0   1475938293.7825785
0   1475938303.7937522
0   1475938313.804828
0   1475938323.8160014
0   1475938333.8272026
0   1475938343.8383987
0   1475938353.8495815
0   1475938363.85674
0   1475938373.8667448
0   1475938383.877974
0   1475938393.8891335
0   1475938403.9003608
0   1475938413.9115345
0   1475938423.922745
0   1475938433.9339256
0   1475938443.9451563
0   1475938453.9563205
0   1475938463.9676237
0   1475938473.9788027
0   1475938483.9900305
0   1475938494.0012026
0   1475938504.0124307
0   1475938514.0236058
0   1475938524.034837
0   1475938534.0460181
0   1475938544.0572755
0   1475938554.0684457
0   1475938564.0795934
0   1475938574.0907652
0   1475938584.1019084
0   1475938594.1130905
0   1475938604.124315
0   1475938614.1354923
0   1475938624.1468465
0   1475938634.1580229
0   1475938644.1692514
0   1475938654.180426
0   1475938664.191641
0   1475938674.202812
0   1475938684.2139704
0   1475938694.2167625
0   1475938704.2267444
0   1475938714.2379234
0   1475938724.2490418
0   1475938734.2602305
0   1475938744.2713866
0   1475938754.282564
0   1475938764.2937107
0   1475938774.304874
0   1475938784.3160903
0   1475938794.3273678
0   1475938804.3384297
0   1475938814.349597
0   1475938824.3606586
0   1475938834.3718755
0   1475938844.3830585
0   1475938854.3942924
0   1475938864.4054704
0   1475938874.4166937
0   1475938884.427871
0   1475938894.4390702
0   1475938904.4502356
0   1475938914.4614506
0   1475938924.472633
0   1475938934.4838479
0   1475938944.4950178
0   1475938954.506243
{'from': {'first_name': 'Hussam', 'id': 230287415}, 'text': 'https://youtu.be/vzSfnduxNDg', 'message_id': 5913, 'chat': {'first_name': 'Hussam', 'type': 'private', 'id': 230287415}, 'date': 1475938956, 'entities': [{'length': 28, 'offset': 0, 'type': 'url'}]}
0   1475938964.5172532
0   1475938974.528442
0   1475938984.5400403
0   1475938994.5437949
0   1475939004.555065
0   1475939014.5570028
0   1475939024.5682611
0   1475939034.5743303
0   1475939044.5857003
Video codec omx-h264 width 1280 height 720 profile 77 fps 23.976025
Audio codec aac channels 2 samplerate 44100 bitspersample 16
Subtitle count: 0, state: off, index: 1, delay: 0
V:PortSettingsChanged: 1280x720@23.98 interlace:0 deinterlace:0 anaglyph:0 par:1.00 display:0 layer:0 alpha:255 aspectMode:0
Seek to: 00:00:00
Seek to: 00:00:00
have a nice day ;)
